1 66.0
2 63.0
3 66.0
4 79.0
5 68.0
6 51.0
7 69.0
8 50.0
9 67.0
10 67.0
11 60.0
12 60.0
13 57.0
14 59.0
15 41.0
16 66.0
17 54.0
18 63.0
19 48.0
20 63.0
21 71.0
22 55.0
23 60.0
24 53.0
25 43.0
26 49.0
27 44.0
28 46.0
29 53.0
30 48.0
31 54.0
32 34.0
33 51.0
34 49.0
35 47.0
36 36.0
37 38.0
38 39.0
39 45.0
40 32.0
41 42.0
42 27.0
43 32.0
44 43.0
45 35.0
46 46.0
47 41.0
48 38.0
49 25.0
50 30.0
51 47.0
52 44.0
53 55.0
54 34.0
55 52.0
56 51.0
57 51.0
58 59.0
59 50.0
60 79.0
61 58.0
62 65.0
63 63.0
64 78.0
65 87.0
66 104.0
67 90.0
68 102.0
69 100.0
70 105.0
71 117.0
72 119.0
73 118.0
74 129.0
75 131.0
76 132.0
77 121.0
78 161.0
79 145.0
80 134.0
81 132.0
82 142.0
83 165.0
84 171.0
85 149.0
86 156.0
87 135.0
88 160.0
89 154.0
90 155.0
91 170.0
92 133.0
93 123.0
94 125.0
95 121.0
96 130.0
97 122.0
98 131.0
99 116.0
100 96.0
101 116.0
102 97.0
103 110.0
104 84.0
105 98.0
106 83.0
107 85.0
108 93.0
109 68.0
110 60.0
111 65.0
112 63.0
113 48.0
114 50.0
115 46.0
116 51.0
117 34.0
118 30.0
119 49.0
120 36.0
121 33.0
122 21.0
123 30.0
124 22.0
125 18.0
126 10.0
127 13.0
128 16.0
129 14.0
130 14.0
131 9.0
132 11.0
133 12.0
134 9.0
135 12.0
136 19.0
137 10.0
138 6.0
139 9.0
140 15.0
141 7.0
142 12.0
143 8.0
144 9.0
145 3.0
146 8.0
147 9.0
148 16.0
149 6.0
150 5.0
151 12.0
152 8.0
153 9.0
154 7.0
155 9.0
156 12.0
157 8.0
158 7.0
159 11.0
160 9.0
161 10.0
162 5.0
163 9.0
164 9.0
165 3.0
166 7.0
167 12.0
168 10.0
169 6.0
170 4.0
171 7.0
172 5.0
173 8.0
174 4.0
175 6.0
176 3.0
177 3.0
178 9.0
179 7.0
180 2.0
181 4.0
182 3.0
183 1.0
184 2.0
185 1.0
186 2.0
187 0.0
188 0.0
189 0.0
190 2.0
191 0.0
192 0.0
193 3.0
194 2.0
195 1.0
196 4.0
197 2.0
198 0.0
199 3.0
200 7.0
