1 -0.364285 -0.330160 1.000000
2 -0.330160 -0.296035 0.000000
3 -0.296035 -0.261910 0.000000
4 -0.261910 -0.227785 1.000000
5 -0.227785 -0.193661 0.000000
6 -0.193661 -0.159536 6.000000
7 -0.159536 -0.125411 6.000000
8 -0.125411 -0.091286 10.000000
9 -0.091286 -0.057161 36.000000
10 -0.057161 -0.023036 40.000000
11 -0.023036 0.011089 0.000000
12 0.011089 0.045214 23.000000
13 0.045214 0.079339 72.000000
14 0.079339 0.113464 35.000000
15 0.113464 0.147589 21.000000
16 0.147589 0.181714 9.000000
17 0.181714 0.215839 11.000000
18 0.215839 0.249964 1.000000
19 0.249964 0.284089 0.000000
20 0.284089 0.318214 1.000000
