1 -0.366666 -0.348291 0.000000
2 -0.348291 -0.329916 1.000000
3 -0.329916 -0.311541 0.000000
4 -0.311541 -0.293166 0.000000
5 -0.293166 -0.274791 0.000000
6 -0.274791 -0.256416 0.000000
7 -0.256416 -0.238041 2.000000
8 -0.238041 -0.219666 1.000000
9 -0.219666 -0.201291 0.000000
10 -0.201291 -0.182916 1.000000
11 -0.182916 -0.164542 5.000000
12 -0.164542 -0.146167 4.000000
13 -0.146167 -0.127792 7.000000
14 -0.127792 -0.109417 19.000000
15 -0.109417 -0.091042 9.000000
16 -0.091042 -0.072667 21.000000
17 -0.072667 -0.054292 34.000000
18 -0.054292 -0.035917 51.000000
19 -0.035917 -0.017542 1.000000
20 -0.017542 0.000833 0.000000
21 0.000833 0.019208 0.000000
22 0.019208 0.037583 3.000000
23 0.037583 0.055958 101.000000
24 0.055958 0.074333 37.000000
25 0.074333 0.092708 49.000000
26 0.092708 0.111083 20.000000
27 0.111083 0.129458 28.000000
28 0.129458 0.147833 8.000000
29 0.147833 0.166208 5.000000
30 0.166208 0.184583 6.000000
31 0.184583 0.202958 2.000000
32 0.202958 0.221333 1.000000
33 0.221333 0.239708 2.000000
34 0.239708 0.258083 3.000000
35 0.258083 0.276458 0.000000
36 0.276458 0.294833 0.000000
37 0.294833 0.313208 0.000000
38 0.313208 0.331583 0.000000
39 0.331583 0.349958 1.000000
40 0.349958 0.368333 0.000000
