1 -0.224286 -0.210898 0.000000
2 -0.210898 -0.197511 3.000000
3 -0.197511 -0.184123 0.000000
4 -0.184123 -0.170736 1.000000
5 -0.170736 -0.157348 2.000000
6 -0.157348 -0.143961 2.000000
7 -0.143961 -0.130573 4.000000
8 -0.130573 -0.117186 11.000000
9 -0.117186 -0.103798 9.000000
10 -0.103798 -0.090411 15.000000
11 -0.090411 -0.077023 4.000000
12 -0.077023 -0.063636 15.000000
13 -0.063636 -0.050248 20.000000
14 -0.050248 -0.036861 34.000000
15 -0.036861 -0.023473 2.000000
16 -0.023473 -0.010086 0.000000
17 -0.010086 0.003302 0.000000
18 0.003302 0.016689 0.000000
19 0.016689 0.030077 0.000000
20 0.030077 0.043464 13.000000
21 0.043464 0.056852 52.000000
22 0.056852 0.070239 31.000000
23 0.070239 0.083627 27.000000
24 0.083627 0.097014 23.000000
25 0.097014 0.110402 18.000000
26 0.110402 0.123789 15.000000
27 0.123789 0.137177 12.000000
28 0.137177 0.150564 9.000000
29 0.150564 0.163952 2.000000
30 0.163952 0.177339 5.000000
31 0.177339 0.190727 2.000000
32 0.190727 0.204114 4.000000
33 0.204114 0.217502 0.000000
34 0.217502 0.230889 0.000000
35 0.230889 0.244277 0.000000
36 0.244277 0.257664 3.000000
37 0.257664 0.271052 0.000000
38 0.271052 0.284439 0.000000
39 0.284439 0.297826 1.000000
40 0.297826 0.311214 0.000000
