1 -0.279167 -0.263089 0.000000
2 -0.263089 -0.247010 2.000000
3 -0.247010 -0.230932 1.000000
4 -0.230932 -0.214854 2.000000
5 -0.214854 -0.198776 2.000000
6 -0.198776 -0.182698 0.000000
7 -0.182698 -0.166620 5.000000
8 -0.166620 -0.150542 1.000000
9 -0.150542 -0.134464 5.000000
10 -0.134464 -0.118385 9.000000
11 -0.118385 -0.102307 8.000000
12 -0.102307 -0.086229 16.000000
13 -0.086229 -0.070151 27.000000
14 -0.070151 -0.054073 35.000000
15 -0.054073 -0.037995 54.000000
16 -0.037995 -0.021917 4.000000
17 -0.021917 -0.005839 0.000000
18 -0.005839 0.010239 0.000000
19 0.010239 0.026318 0.000000
20 0.026318 0.042396 22.000000
21 0.042396 0.058474 75.000000
22 0.058474 0.074552 61.000000
23 0.074552 0.090630 35.000000
24 0.090630 0.106708 26.000000
25 0.106708 0.122786 10.000000
26 0.122786 0.138864 16.000000
27 0.138864 0.154942 11.000000
28 0.154942 0.171021 8.000000
29 0.171021 0.187099 0.000000
30 0.187099 0.203177 8.000000
31 0.203177 0.219255 0.000000
32 0.219255 0.235333 1.000000
33 0.235333 0.251411 3.000000
34 0.251411 0.267489 0.000000
35 0.267489 0.283567 0.000000
36 0.283567 0.299646 0.000000
37 0.299646 0.315724 0.000000
38 0.315724 0.331802 0.000000
39 0.331802 0.347880 2.000000
40 0.347880 0.363958 0.000000
