1 -0.362500 -0.346422 0.000000
2 -0.346422 -0.330343 2.000000
3 -0.330343 -0.314265 0.000000
4 -0.314265 -0.298187 0.000000
5 -0.298187 -0.282109 0.000000
6 -0.282109 -0.266031 0.000000
7 -0.266031 -0.249953 1.000000
8 -0.249953 -0.233875 0.000000
9 -0.233875 -0.217797 0.000000
10 -0.217797 -0.201718 0.000000
11 -0.201718 -0.185640 5.000000
12 -0.185640 -0.169562 0.000000
13 -0.169562 -0.153484 3.000000
14 -0.153484 -0.137406 2.000000
15 -0.137406 -0.121328 5.000000
16 -0.121328 -0.105250 11.000000
17 -0.105250 -0.089172 11.000000
18 -0.089172 -0.073094 20.000000
19 -0.073094 -0.057015 25.000000
20 -0.057015 -0.040937 66.000000
21 -0.040937 -0.024859 9.000000
22 -0.024859 -0.008781 0.000000
23 -0.008781 0.007297 0.000000
24 0.007297 0.023375 0.000000
25 0.023375 0.039453 5.000000
26 0.039453 0.055531 86.000000
27 0.055531 0.071609 58.000000
28 0.071609 0.087688 27.000000
29 0.087688 0.103766 29.000000
30 0.103766 0.119844 25.000000
31 0.119844 0.135922 8.000000
32 0.135922 0.152000 11.000000
33 0.152000 0.168078 12.000000
34 0.168078 0.184156 4.000000
35 0.184156 0.200234 7.000000
36 0.200234 0.216313 2.000000
37 0.216313 0.232391 1.000000
38 0.232391 0.248469 0.000000
39 0.248469 0.264547 4.000000
40 0.264547 0.280625 0.000000
