1 -0.364285 -0.347223 0.000000
2 -0.347223 -0.330160 1.000000
3 -0.330160 -0.313098 0.000000
4 -0.313098 -0.296035 0.000000
5 -0.296035 -0.278973 0.000000
6 -0.278973 -0.261910 0.000000
7 -0.261910 -0.244848 2.000000
8 -0.244848 -0.227785 0.000000
9 -0.227785 -0.210723 1.000000
10 -0.210723 -0.193661 6.000000
11 -0.193661 -0.176598 0.000000
12 -0.176598 -0.159536 2.000000
13 -0.159536 -0.142473 5.000000
14 -0.142473 -0.125411 3.000000
15 -0.125411 -0.108348 11.000000
16 -0.108348 -0.091286 14.000000
17 -0.091286 -0.074223 16.000000
18 -0.074223 -0.057161 27.000000
19 -0.057161 -0.040098 56.000000
20 -0.040098 -0.023036 10.000000
21 -0.023036 -0.005973 0.000000
22 -0.005973 0.011089 0.000000
23 0.011089 0.028152 0.000000
24 0.028152 0.045214 32.000000
25 0.045214 0.062277 68.000000
26 0.062277 0.079339 39.000000
27 0.079339 0.096402 28.000000
28 0.096402 0.113464 34.000000
29 0.113464 0.130527 19.000000
30 0.130527 0.147589 9.000000
31 0.147589 0.164652 4.000000
32 0.164652 0.181714 5.000000
33 0.181714 0.198777 3.000000
34 0.198777 0.215839 5.000000
35 0.215839 0.232902 0.000000
36 0.232902 0.249964 0.000000
37 0.249964 0.267027 1.000000
38 0.267027 0.284089 1.000000
39 0.284089 0.301151 1.000000
40 0.301151 0.318214 0.000000
