1 -0.209375 -0.197316 0.000000
2 -0.197316 -0.185258 1.000000
3 -0.185258 -0.173199 0.000000
4 -0.173199 -0.161141 3.000000
5 -0.161141 -0.149082 2.000000
6 -0.149082 -0.137023 3.000000
7 -0.137023 -0.124965 6.000000
8 -0.124965 -0.112906 5.000000
9 -0.112906 -0.100848 7.000000
10 -0.100848 -0.088789 11.000000
11 -0.088789 -0.076730 20.000000
12 -0.076730 -0.064672 7.000000
13 -0.064672 -0.052613 31.000000
14 -0.052613 -0.040555 38.000000
15 -0.040555 -0.028496 14.000000
16 -0.028496 -0.016438 0.000000
17 -0.016438 -0.004379 0.000000
18 -0.004379 0.007680 0.000000
19 0.007680 0.019738 0.000000
20 0.019738 0.031797 0.000000
21 0.031797 0.043855 29.000000
22 0.043855 0.055914 52.000000
23 0.055914 0.067973 22.000000
24 0.067973 0.080031 26.000000
25 0.080031 0.092090 24.000000
26 0.092090 0.104148 11.000000
27 0.104148 0.116207 16.000000
28 0.116207 0.128266 9.000000
29 0.128266 0.140324 4.000000
30 0.140324 0.152383 8.000000
31 0.152383 0.164441 1.000000
32 0.164441 0.176500 6.000000
33 0.176500 0.188559 1.000000
34 0.188559 0.200617 3.000000
35 0.200617 0.212676 0.000000
36 0.212676 0.224734 1.000000
37 0.224734 0.236793 0.000000
38 0.236793 0.248852 0.000000
39 0.248852 0.260910 6.000000
40 0.260910 0.272969 0.000000
