1 -0.282500 -0.264584 0.000000
2 -0.264584 -0.246669 1.000000
3 -0.246669 -0.228753 1.000000
4 -0.228753 -0.210837 0.000000
5 -0.210837 -0.192922 3.000000
6 -0.192922 -0.175006 3.000000
7 -0.175006 -0.157091 4.000000
8 -0.157091 -0.139175 4.000000
9 -0.139175 -0.121259 5.000000
10 -0.121259 -0.103344 13.000000
11 -0.103344 -0.085428 18.000000
12 -0.085428 -0.067512 17.000000
13 -0.067512 -0.049597 26.000000
14 -0.049597 -0.031681 27.000000
15 -0.031681 -0.013766 0.000000
16 -0.013766 0.004150 0.000000
17 0.004150 0.022066 0.000000
18 0.022066 0.039981 6.000000
19 0.039981 0.057897 65.000000
20 0.057897 0.075813 28.000000
21 0.075813 0.093728 38.000000
22 0.093728 0.111644 24.000000
23 0.111644 0.129559 11.000000
24 0.129559 0.147475 8.000000
25 0.147475 0.165391 0.000000
26 0.165391 0.183306 5.000000
27 0.183306 0.201222 4.000000
28 0.201222 0.219138 1.000000
29 0.219138 0.237053 0.000000
30 0.237053 0.254969 0.000000
31 0.254969 0.272884 0.000000
32 0.272884 0.290800 1.000000
33 0.290800 0.308716 0.000000
34 0.308716 0.326631 0.000000
35 0.326631 0.344547 0.000000
36 0.344547 0.362463 0.000000
37 0.362463 0.380378 0.000000
38 0.380378 0.398294 0.000000
39 0.398294 0.416209 1.000000
40 0.416209 0.434125 0.000000
