1 -0.275000 -0.261219 0.000000
2 -0.261219 -0.247438 1.000000
3 -0.247438 -0.233656 0.000000
4 -0.233656 -0.219875 1.000000
5 -0.219875 -0.206094 0.000000
6 -0.206094 -0.192313 3.000000
7 -0.192313 -0.178531 0.000000
8 -0.178531 -0.164750 3.000000
9 -0.164750 -0.150969 1.000000
10 -0.150969 -0.137188 5.000000
11 -0.137188 -0.123406 5.000000
12 -0.123406 -0.109625 8.000000
13 -0.109625 -0.095844 6.000000
14 -0.095844 -0.082063 14.000000
15 -0.082063 -0.068281 16.000000
16 -0.068281 -0.054500 27.000000
17 -0.054500 -0.040719 47.000000
18 -0.040719 -0.026938 10.000000
19 -0.026938 -0.013156 0.000000
20 -0.013156 0.000625 0.000000
21 0.000625 0.014406 0.000000
22 0.014406 0.028187 0.000000
23 0.028187 0.041969 25.000000
24 0.041969 0.055750 62.000000
25 0.055750 0.069531 32.000000
26 0.069531 0.083312 23.000000
27 0.083312 0.097094 27.000000
28 0.097094 0.110875 15.000000
29 0.110875 0.124656 14.000000
30 0.124656 0.138437 14.000000
31 0.138437 0.152219 13.000000
32 0.152219 0.166000 0.000000
33 0.166000 0.179781 13.000000
34 0.179781 0.193562 3.000000
35 0.193562 0.207344 5.000000
36 0.207344 0.221125 0.000000
37 0.221125 0.234906 1.000000
38 0.234906 0.248687 0.000000
39 0.248687 0.262469 3.000000
40 0.262469 0.276250 0.000000
