1 -0.432500 -0.414584 0.000000
2 -0.414584 -0.396669 1.000000
3 -0.396669 -0.378753 0.000000
4 -0.378753 -0.360838 0.000000
5 -0.360837 -0.342922 0.000000
6 -0.342922 -0.325006 0.000000
7 -0.325006 -0.307091 0.000000
8 -0.307091 -0.289175 0.000000
9 -0.289175 -0.271259 0.000000
10 -0.271259 -0.253344 0.000000
11 -0.253344 -0.235428 0.000000
12 -0.235428 -0.217512 0.000000
13 -0.217512 -0.199597 1.000000
14 -0.199597 -0.181681 2.000000
15 -0.181681 -0.163766 2.000000
16 -0.163766 -0.145850 2.000000
17 -0.145850 -0.127934 4.000000
18 -0.127934 -0.110019 14.000000
19 -0.110019 -0.092103 10.000000
20 -0.092103 -0.074187 21.000000
21 -0.074187 -0.056272 24.000000
22 -0.056272 -0.038356 68.000000
23 -0.038356 -0.020441 0.000000
24 -0.020441 -0.002525 0.000000
25 -0.002525 0.015391 0.000000
26 0.015391 0.033306 0.000000
27 0.033306 0.051222 64.000000
28 0.051222 0.069138 56.000000
29 0.069138 0.087053 41.000000
30 0.087053 0.104969 26.000000
31 0.104969 0.122884 15.000000
32 0.122884 0.140800 15.000000
33 0.140800 0.158716 13.000000
34 0.158716 0.176631 5.000000
35 0.176631 0.194547 0.000000
36 0.194547 0.212462 2.000000
37 0.212462 0.230378 0.000000
38 0.230378 0.248294 0.000000
39 0.248294 0.266209 2.000000
40 0.266209 0.284125 0.000000
