Pos_Neg_propotion
0.043478
-0.043478
-0.090909
0.058824
0.04
-0.04
-0.095238
0.05
0.133333
0.066667
-0.066667
0.111111
0.090909
-0.071429
0.043478
-0.052632
0.05
0.066667
0.05
-0.058824
0.076923
0.117647
0.2
0.045455
0.058824
0.166667
0.055556
0.166667
0.142857
-0.071429
-0.055556
-0.047619
0.071429
0.047619
0.052632
0.090909
-0.090909
0.052632
0.05
-0.05
0.055556
0.055556
0.083333
-0.045455
0.052632
0.1
-0.2
-0.071429
0.125
0.05
0.05
-0.055556
-0.095238
0.043478
0.076923
0.055556
-0.111111
0.076923
0.0625
0.142857
-0.038462
-0.090909
0.136364
-0.041667
-0.033333
0.1
0.117647
0.055556
0.166667
-0.041667
0.0625
-0.125
0.076923
0.130435
0.052632
0.111111
0.125
0.1
0.090909
0.125
-0.041667
0.071429
0.041667
-0.05
0.043478
0.041667
-0.041667
0.05
-0.1
-0.0625
0.045455
-0.045455
-0.125
0.105263
0.045455
-0.045455
0.041667
-0.133333
0.05
0.105263
0.083333
0.083333
0.0625
-0.125
0.0625
-0.047619
0.125
0.066667
-0.066667
0.125
0.041667
-0.041667
0.052632
0.045455
0.052632
0.066667
0.041667
0.083333
-0.041667
0.041667
0.1
0.083333
0.052632
0.052632
-0.043478
0.0625
0.2
0.043478
0.045455
0.045455
0.058824
0.04
-0.066667
0.105263
0.086957
0.066667
0.1
0.052632
-0.052632
0.095238
0.043478
0.05
0.181818
0.076923
-0.076923
0.071429
-0.058824
-0.111111
0.047619
0.2
0.083333
-0.055556
0.045455
-0.052632
0.035714
0.047619
0.055556
0.05
0.0625
0.0625
0.115385
0.047619
-0.111111
-0.2
0.037037
-0.037037
-0.043478
0.058824
-0.2
0.136364
-0.142857
0.0625
-0.0625
0.0625
-0.0625
-0.090909
-0.047619
0.047619
0.125
0.090909
0.05
0.166667
-0.058824
-0.045455
0.055556
0.105263
0.037037
0.083333
-0.083333
0.037037
-0.037037
-0.076923
0.125
-0.086957
-0.041667
0.173913
-0.043478
-0.090909
0.083333
0.043478
-0.043478
0.047619
0.111111
0.066667
-0.066667
0.142857
-0.066667
-0.1
0.055556
0.133333
0.1
-0.066667
0.105263
-0.052632
-0.125
0.1
-0.1
0.214286
-0.142857
0.071429
0.047619
-0.047619
0.111111
0.1
-0.2
-0.055556
0.035714
-0.035714
0.157895
-0.052632
-0.038462
0.117647
0.095238
-0.2
-0.25
0.111111
-0.25
0.111111
0.047619
-0.0625
0.066667
-0.066667
0.05
0.1
0.181818
-0.090909
0.090909
-0.045455
0.058824
0.041667
-0.041667
0.083333
-0.083333
0.043478
-0.1
0.111111
-0.111111
0.05
0.058824
0.055556
-0.052632
0.035714
-0.035714
0.045455
-0.043478
0.066667
-0.090909
0.066667
0.083333
-0.041667
-0.052632
0.071429
-0.047619
0.1
-0.045455
-0.1
-0.142857
-0.0625
-0.0625
0.066667
0.04
0.125
-0.045455
0.12
0.1
0.076923
0.095238
-0.047619
0.038462
-0.058824
0.0625
0.111111
-0.1
0.052632
0.052632
-0.105263
0.090909
0.125
-0.052632
-0.136364
0.05
0.043478
-0.055556
0.076923
0.105263
0.045455
0.083333
0.2
-0.136364
0.153846
0.047619
0.1
-0.055556
0.125
-0.125
-0.047619
0.083333
0.047619
-0.047619
0.055556
-0.1
0.058824
-0.058824
0.157895
0.04
0.066667
0.045455
0.076923
-0.1
-0.066667
0.04
-0.04
0.181818
0.071429
0.045455
0.05
0.05
0.090909
-0.090909
0.076923
-0.066667
0.285714
-0.041667
0.1
-0.1
-0.047619
0.052632
-0.333333
-0.1
-0.05
-0.055556
0.041667
0.1
-0.2
-0.04
0.25
-0.125
-0.166667
-0.052632
-0.05
0.043478
0.111111
-0.111111
-0.058824
0.272727
-0.058824
0.157895
0.066667
0.125
-0.05
0.066667
0.076923
-0.153846
0.142857
-0.142857
-0.105263
0.090909
-0.043478
0.043478
0.038462
-0.076923
0.111111
0.125
0.125
0.1
0.105263
0.090909
-0.090909
0.047619
0.090909
-0.052632
-0.222222
0.090909
-0.090909
0.105263
-0.0625
-0.045455
-0.0625
0.105263
0.142857
-0.166667
0.083333
0.045455
