Postive_propotion
0.125
0.1
0.090909
0.157895
0.125
0.25
0.071429
0.05
0.045455
0.090909
0.153846
0.037037
0.058824
0.153846
0.0625
0.0625
0.0625
0.043478
0.066667
0.105263
0.055556
0.041667
0.0625
0.058824
0.04
0.111111
0.043478
0.0625
0.055556
0.090909
0.04
0.047619
0.071429
0.142857
0.052632
0.043478
0.086957
0.086957
0.052632
0.090909
0.076923
0.052632
0.142857
0.045455
0.076923
0.105263
0.25
0.047619
0.076923
0.166667
0.090909
0.066667
0.125
0.1
0.058824
0.166667
0.095238
0.045455
0.052632
0.157895
0.105263
0.090909
0.055556
0.047619
0.04
0.074074
0.083333
0.111111
0.083333
0.045455
0.142857
0.0625
0.045455
0.125
0.117647
0.066667
0.076923
0.041667
0.090909
0.090909
0.076923
0.090909
0.153846
0.090909
0.047619
0.041667
0.058824
0.1
0.111111
0.052632
0.047619
0.090909
0.111111
0.045455
0.2
0.047619
0.047619
0.045455
0.25
0.058824
0.142857
0.1
0.052632
0.090909
0.0625
0.083333
0.153846
0.055556
0.05
0.045455
0.142857
0.043478
0.111111
0.083333
0.083333
0.0625
0.052632
0.055556
0.111111
0.045455
0.043478
0.041667
0.1
0.055556
0.1
0.090909
0.2
0.047619
0.083333
0.086957
0.041667
0.066667
0.041667
0.052632
0.047619
0.095238
0.111111
0.05
0.083333
0.041667
0.045455
0.058824
0.157895
0.214286
0.2
0.066667
0.083333
0.125
0.045455
0.058824
0.047619
0.058824
0.111111
0.05
0.071429
0.038462
0.058824
0.055556
0.043478
0.2
0.1
0.2
0.045455
0.052632
0.05
0.05
0.076923
0.105263
0.043478
0.105263
0.0625
0.111111
0.142857
0.045455
0.052632
0.043478
0.0625
0.05
0.052632
0.04
0.05
0.066667
0.0625
0.2
0.076923
0.05
0.076923
0.111111
0.111111
0.05
0.052632
0.111111
0.071429
0.043478
0.105263
0.066667
0.05
0.2
0.222222
0.05
0.153846
0.166667
0.181818
0.083333
0.25
0.055556
0.043478
0.058824
0.090909
0.043478
0.04
0.142857
0.1
0.045455
0.214286
0.086957
0.058824
0.043478
0.058824
0.058824
0.095238
0.038462
0.045455
0.047619
0.066667
0.038462
0.047619
0.052632
0.111111
0.041667
0.055556
0.133333
0.105263
0.055556
0.041667
0.071429
0.052632
0.15
0.052632
0.142857
0.0625
0.045455
0.076923
0.0625
0.047619
0.035714
0.071429
0.083333
0.045455
0.125
0.0625
0.173913
0.076923
0.066667
0.136364
0.083333
0.157895
0.055556
0.1
0.058824
0.0625
0.142857
0.0625
0.090909
0.111111
0.176471
0.176471
0.117647
0.05
0.055556
0.105263
0.095238
0.111111
0.125
0.055556
0.083333
0.090909
0.045455
0.052632
