Pos_Neg_propotion
0.058824
-0.166667
0.08
-0.0625
-0.0625
0.041667
0.076923
-0.076923
0.142857
0.066667
0.05
-0.038462
-0.1
0.055556
-0.111111
0.105263
0.047619
0.071429
0.058824
0.0625
-0.086957
0.055556
0.066667
-0.058824
0.2
0.25
0.071429
-0.047619
-0.041667
-0.035714
0.071429
0.05
0.111111
0.055556
0.090909
-0.045455
-0.111111
0.047619
0.071429
0.047619
-0.076923
0.045455
0.066667
0.083333
0.1
0.055556
0.166667
-0.0625
0.058824
-0.052632
0.166667
-0.055556
0.095238
0.142857
0.153846
0.058824
0.043478
-0.043478
0.083333
0.052632
0.166667
0.05
-0.041667
0.1875
-0.125
0.071429
-0.058824
-0.038462
0.058824
0.052632
-0.071429
0.1
-0.142857
0.105263
-0.05
-0.05
0.066667
0.047619
0.076923
-0.076923
0.052632
0.043478
0.047619
0.090909
0.08
0.05
0.090909
-0.090909
0.086957
-0.043478
0.058824
0.117647
0.090909
-0.052632
0.076923
0.058824
-0.083333
0.166667
-0.090909
0.0625
0.045455
-0.090909
-0.05
-0.083333
0.058824
-0.058824
-0.066667
-0.083333
-0.1
0.066667
0.05
-0.055556
-0.04
0.0625
0.058824
-0.058824
0.105263
-0.052632
0.055556
0.052632
0.1
0.055556
0.1
0.076923
0.117647
0.055556
-0.076923
0.045455
-0.05
-0.095238
0.181818
0.0625
-0.0625
-0.166667
0.045455
0.047619
0.058824
0.090909
-0.083333
0.045455
-0.045455
0.117647
-0.130435
-0.0625
-0.090909
0.083333
0.25
0.076923
-0.076923
0.125
0.142857
-0.25
-0.0625
-0.142857
0.1
-0.0625
0.055556
-0.066667
0.111111
0.130435
-0.043478
-0.125
0.043478
0.047619
0.12
0.058824
0.0625
0.105263
0.166667
-0.166667
-0.111111
0.038462
0.153846
0.173913
0.090909
-0.045455
0.090909
-0.227273
-0.1
-0.047619
0.043478
-0.038462
0.05
0.111111
0.181818
-0.0625
0.0625
0.052632
-0.066667
-0.052632
0.0625
0.052632
-0.052632
0.333333
0.045455
-0.043478
0.05
-0.043478
0.136364
0.095238
0.045455
0.058824
-0.058824
0.1
-0.05
0.066667
-0.066667
0.1
-0.043478
0.05
-0.05
-0.090909
0.105263
0.1
0.04
0.055556
-0.055556
0.105263
0.086957
-0.105263
0.2
0.066667
0.0625
-0.055556
0.045455
0.166667
-0.2
0.038462
0.142857
0.181818
0.1
0.052632
-0.045455
0.05
-0.1
0.05
-0.05
0.133333
0.2
0.045455
0.181818
0.055556
0.090909
0.142857
0.074074
-0.074074
0.076923
-0.047619
0.111111
-0.04
-0.052632
-0.090909
0.08
0.052632
-0.04
0.125
0.1
0.052632
-0.111111
0.05
-0.05
0.2
0.066667
0.1
0.125
0.05
-0.047619
0.066667
-0.1
0.071429
0.117647
0.038462
0.038462
-0.038462
0.1
0.071429
-0.0625
0.090909
0.076923
-0.076923
-0.037037
0.055556
-0.055556
-0.166667
0.25
-0.25
-0.045455
0.052632
-0.052632
-0.08
0.166667
0.083333
-0.045455
0.083333
-0.083333
0.111111
0.111111
0.058824
0.043478
-0.043478
0.05
-0.05
0.111111
0.1
0.071429
-0.166667
0.083333
0.071429
-0.043478
0.08
-0.052632
0.090909
0.043478
0.05
0.052632
-0.0625
0.045455
-0.153846
0.12
0.043478
-0.043478
0.04
-0.04
0.041667
0.08
0.071429
-0.071429
0.047619
-0.038462
0.066667
0.1
0.076923
0.05
-0.055556
0.133333
0.05
-0.05
0.05
-0.133333
-0.071429
0.052632
0.047619
-0.095238
-0.181818
0.052632
-0.052632
0.2
-0.125
0.071429
0.0625
0.04
0.047619
-0.043478
-0.058824
-0.1
0.071429
-0.214286
0.041667
0.083333
0.052632
-0.052632
-0.055556
0.066667
-0.066667
-0.166667
0.166667
0.25
0.0625
0.142857
0.045455
-0.045455
-0.04
-0.090909
-0.125
-0.1
-0.055556
0.111111
-0.083333
-0.181818
0.058824
-0.1
0.083333
0.05
-0.05
0.2
-0.2
0.047619
0.25
0.117647
-0.058824
-0.086957
0.095238
-0.047619
0.0625
-0.0625
0.153846
0.125
-0.0625
0.15
0.105263
0.105263
0.142857
0.095238
0.222222
0.071429
-0.038462
-0.052632
-0.066667
0.058824
0.055556
-0.055556
0.08
0.176471
-0.047619
0.066667
0.095238
-0.047619
0.083333
-0.066667
-0.05
-0.133333
0.041667
-0.041667
0.066667
-0.133333
0.178571
-0.035714
-0.090909
0.125
0.166667
-0.2
0.058824
0.045455
0.05
0.125
-0.111111
0.071429
0.0625
0.166667
0.05
0.058824
0.0625
0.058824
0.086957
0.133333
0.058824
0.076923
0.045455
0.083333
-0.103448
-0.125
0.076923
-0.038462
-0.052632
0.095238
0.166667
0.058824
-0.055556
0.055556
0.058824
0.05
-0.05
-0.058824
0.0625
-0.0625
0.038462
0.052632
0.105263
-0.052632
-0.1
0.052632
0.083333
-0.083333
0.047619
-0.047619
0.166667
0.047619
0.1
-0.04
0.052632
0.111111
