Pos_Neg_propotion
0.142857
-0.142857
-0.035714
0.041667
-0.041667
0.058824
0.047619
0.1
0.047619
0.071429
0.071429
0.047619
0.1
-0.071429
-0.071429
0.117647
-0.0625
0.045455
-0.125
0.041667
0.041667
-0.083333
0.047619
-0.095238
0.105263
-0.052632
0.045455
-0.045455
0.066667
0.071429
-0.071429
0.125
-0.066667
0.047619
-0.047619
-0.047619
0.0625
0.052632
0.066667
-0.071429
-0.235294
-0.055556
-0.111111
-0.041667
0.083333
-0.166667
0.130435
-0.071429
-0.105263
0.052632
0.125
0.142857
-0.071429
-0.066667
0.071429
-0.071429
-0.052632
0.2
0.0625
-0.0625
0.052632
0.086957
-0.083333
0.083333
-0.083333
0.05
-0.1
0.05
-0.05
0.111111
-0.0625
-0.166667
0.142857
0.058824
0.083333
0.076923
0.142857
0.055556
-0.052632
0.2
0.058824
-0.058824
0.047619
-0.095238
-0.047619
0.066667
0.153846
0.066667
-0.0625
0.047619
0.076923
-0.04
0.047619
-0.0625
0.076923
0.055556
-0.055556
0.058824
-0.04
-0.066667
-0.04
0.090909
0.25
-0.125
0.055556
-0.083333
-0.05
0.066667
0.083333
-0.125
-0.041667
0.142857
0.095238
0.111111
0.1
0.0625
-0.055556
0.105263
-0.052632
0.125
-0.125
0.083333
-0.083333
0.05
0.1
0.090909
0.037037
0.043478
-0.043478
0.047619
0.038462
0.05
0.045455
0.090909
-0.043478
0.2
0.066667
0.090909
0.055556
0.08
-0.04
0.058824
-0.142857
-0.1
0.043478
0.0625
-0.0625
0.045455
-0.045455
0.08
0.090909
-0.045455
0.05
0.076923
0.083333
0.1875
-0.222222
0.115385
-0.038462
-0.0625
0.04
-0.04
0.041667
0.034483
-0.2
0.066667
-0.066667
0.0625
0.055556
-0.055556
0.058824
0.043478
0.058824
0.333333
0.047619
-0.047619
0.04
0.058824
-0.058824
0.066667
-0.071429
0.037037
0.08
-0.08
0.111111
0.095238
-0.066667
0.142857
0.071429
-0.066667
0.083333
0.055556
-0.055556
0.0625
-0.05
0.136364
-0.041667
0.066667
-0.066667
0.2
-0.1
0.0625
0.05
0.0625
0.045455
0.038462
-0.076923
-0.055556
0.083333
0.043478
-0.086957
0.045455
0.142857
0.066667
-0.083333
0.04
-0.052632
0.095238
0.090909
0.083333
0.052632
0.125
0.0625
0.047619
-0.157895
-0.052632
-0.041667
0.083333
-0.047619
0.0625
0.076923
0.066667
-0.066667
0.115385
-0.04
0.117647
0.08
-0.04
-0.058824
0.045455
-0.045455
-0.090909
0.230769
-0.076923
0.1
0.083333
0.047619
0.076923
-0.076923
-0.0625
-0.076923
0.037037
-0.037037
-0.055556
0.047619
-0.038462
-0.1
0.055556
0.058824
-0.058824
-0.038462
0.045455
-0.041667
0.055556
0.035714
-0.107143
0.071429
0.05
0.125
0.076923
0.0625
-0.0625
0.2
-0.1
0.035714
0.04
-0.12
0.037037
0.25
-0.25
0.083333
0.043478
-0.034483
-0.222222
0.105263
-0.052632
0.166667
0.066667
0.041667
0.166667
0.125
-0.125
0.090909
0.083333
0.066667
0.047619
0.076923
-0.076923
-0.090909
-0.25
-0.071429
0.058824
0.076923
-0.090909
-0.111111
0.043478
0.071429
0.043478
0.142857
0.2
-0.125
0.047619
0.125
0.058824
0.071429
-0.142857
0.136364
0.090909
-0.045455
0.083333
0.136364
-0.043478
0.066667
0.068966
0.047619
-0.047619
-0.1
0.05
0.166667
0.066667
0.071429
0.047619
-0.095238
0.043478
-0.142857
-0.105263
0.05
-0.05
0.045455
0.125
0.047619
-0.043478
0.136364
0.047619
0.166667
-0.142857
0.105263
-0.071429
-0.125
0.142857
-0.071429
0.125
-0.166667
0.083333
0.111111
0.111111
-0.066667
0.045455
-0.045455
0.066667
0.038462
-0.038462
-0.166667
-0.04
0.1
0.333333
0.052632
-0.052632
0.125
0.1
0.166667
0.0625
-0.0625
0.111111
0.05
-0.05
-0.125
0.052632
-0.090909
0.058824
0.058824
0.058824
0.058824
0.052632
-0.105263
0.052632
0.055556
-0.058824
0.058824
0.090909
0.052632
-0.047619
0.0625
-0.0625
0.083333
0.08
-0.04
0.142857
0.076923
0.05
-0.05
-0.083333
0.0625
0.25
0.05
-0.05
-0.0625
0.043478
-0.043478
-0.066667
0.043478
0.066667
0.166667
-0.1
0.076923
-0.037037
0.090909
0.043478
0.166667
-0.166667
0.058824
0.083333
-0.111111
0.095238
0.074074
0.136364
-0.105263
-0.076923
0.045455
-0.076923
-0.043478
0.043478
-0.043478
0.038462
0.0625
0.041667
-0.071429
0.2
-0.1
0.1
0.166667
-0.2
0.05
0.041667
0.0625
0.052632
0.076923
0.055556
-0.055556
