Postive_propotion
0.076923
0.045455
0.055556
0.047619
0.2
0.111111
0.052632
0.090909
0.1
0.090909
0.043478
0.066667
0.142857
0.076923
0.117647
0.086957
0.083333
0.066667
0.111111
0.166667
0.083333
0.083333
0.1
0.095238
0.047619
0.071429
0.2
0.043478
0.047619
0.035714
0.047619
0.166667
0.117647
0.111111
0.04
0.066667
0.043478
0.05
0.153846
0.066667
0.090909
0.066667
0.045455
0.25
0.037037
0.047619
0.111111
0.090909
0.071429
0.071429
0.166667
0.05
0.058824
0.076923
0.133333
0.052632
0.0625
0.086957
0.04
0.058824
0.1
0.071429
0.055556
0.1
0.111111
0.066667
0.05
0.071429
0.142857
0.086957
0.083333
0.090909
0.125
0.066667
0.04
0.043478
0.142857
0.047619
0.105263
0.058824
0.05
0.052632
0.1
0.0625
0.142857
0.052632
0.125
0.125
0.071429
0.111111
0.076923
0.083333
0.045455
0.083333
0.090909
0.090909
0.083333
0.076923
0.045455
0.2
0.1875
0.090909
0.045455
0.142857
0.066667
0.071429
0.090909
0.125
0.0625
0.055556
0.066667
0.043478
0.058824
0.05
0.083333
0.058824
0.095238
0.111111
0.1
0.25
0.045455
0.035714
0.083333
0.125
0.125
0.058824
0.1
0.111111
0.05
0.04
0.0625
0.0625
0.105263
0.2
0.066667
0.1
0.071429
0.086957
0.111111
0.105263
0.111111
0.076923
0.066667
0.052632
0.090909
0.142857
0.117647
0.090909
0.066667
0.0625
0.086957
0.047619
0.166667
0.043478
0.043478
0.043478
0.066667
0.043478
0.047619
0.052632
0.076923
0.1
0.047619
0.1
0.190476
0.041667
0.142857
0.0625
0.125
0.0625
0.047619
0.041667
0.041667
0.125
0.142857
0.043478
0.125
0.047619
0.05
0.107143
0.0625
0.1
0.055556
0.157895
0.071429
0.058824
0.25
0.285714
0.15
0.136364
0.1
0.086957
0.071429
0.125
0.045455
0.045455
0.173913
0.04
0.055556
0.052632
0.058824
0.058824
0.090909
0.1
0.086957
0.111111
0.071429
0.052632
0.055556
0.090909
0.038462
0.086957
0.111111
0.045455
0.038462
0.1
0.052632
