Postive_propotion
0.047619
0.041667
0.133333
0.095238
0.230769
0.0625
0.066667
0.047619
0.086957
0.047619
0.142857
0.047619
0.142857
0.041667
0.111111
0.05
0.055556
0.1
0.083333
0.045455
0.076923
0.033333
0.058824
0.2
0.058824
0.038462
0.083333
0.045455
0.090909
0.133333
0.066667
0.05
0.052632
0.142857
0.125
0.045455
0.052632
0.1
0.058824
0.0625
0.045455
0.076923
0.153846
0.045455
0.1
0.055556
0.076923
0.1
0.045455
0.04
0.142857
0.076923
0.0625
0.05
0.076923
0.111111
0.041667
0.055556
0.052632
0.052632
0.055556
0.125
0.2
0.045455
0.142857
0.0625
0.086957
0.052632
0.142857
0.111111
0.086957
0.041667
0.1
0.045455
0.181818
0.071429
0.083333
0.045455
0.125
0.076923
0.111111
0.105263
0.086957
0.1
0.04
0.052632
0.05
0.052632
0.047619
0.041667
0.157895
0.1
0.055556
0.090909
0.090909
0.047619
0.045455
0.066667
0.066667
0.133333
0.095238
0.2
0.043478
0.045455
0.055556
0.052632
0.0625
0.043478
0.1875
0.038462
0.090909
0.2
0.052632
0.037037
0.166667
0.142857
0.058824
0.1
0.086957
0.153846
0.066667
0.052632
0.045455
0.071429
0.04
0.0625
0.045455
0.176471
0.05
0.1
0.166667
0.066667
0.066667
0.043478
0.1
0.105263
0.066667
0.045455
0.090909
0.047619
0.166667
0.125
0.133333
0.25
0.076923
0.05
0.153846
0.1
0.058824
0.0625
0.055556
0.041667
0.066667
0.076923
0.25
0.043478
0.08
0.058824
0.125
0.05
0.038462
0.066667
0.055556
0.125
0.071429
0.041667
0.045455
0.071429
