Negative_propotion
-0.071429
-0.05
-0.25
-0.071429
-0.066667
-0.043478
-0.166667
-0.111111
-0.083333
-0.111111
-0.058824
-0.043478
-0.055556
-0.090909
-0.05
-0.04
-0.090909
-0.2
-0.045455
-0.043478
-0.05
-0.071429
-0.095238
-0.055556
-0.0625
-0.038462
-0.045455
-0.04
-0.045455
-0.055556
-0.125
-0.041667
-0.090909
-0.125
-0.041667
-0.076923
-0.047619
-0.045455
-0.071429
-0.1
-0.090909
-0.045455
-0.052632
-0.055556
-0.055556
-0.086957
-0.052632
-0.047619
-0.095238
-0.052632
-0.052632
-0.052632
-0.166667
-0.045455
-0.111111
-0.055556
-0.076923
-0.055556
-0.041667
-0.2
-0.045455
-0.086957
-0.047619
-0.058824
-0.047619
-0.041667
-0.066667
-0.045455
-0.083333
-0.090909
-0.047619
-0.0625
-0.038462
-0.2
-0.086957
-0.058824
-0.111111
-0.041667
-0.04
-0.1
-0.05
-0.105263
-0.052632
-0.041667
-0.043478
-0.0625
-0.037037
-0.166667
-0.037037
-0.043478
-0.04
-0.071429
-0.090909
-0.086957
-0.076923
-0.052632
-0.083333
-0.125
-0.111111
-0.05
-0.043478
-0.066667
-0.071429
-0.2
-0.076923
-0.076923
-0.066667
-0.111111
-0.076923
-0.041667
-0.066667
-0.125
-0.037037
-0.05
-0.045455
-0.055556
-0.043478
-0.08
-0.2
-0.068966
-0.043478
-0.117647
-0.076923
-0.111111
-0.045455
-0.052632
-0.047619
-0.066667
-0.142857
-0.125
-0.041667
-0.055556
-0.05
-0.055556
-0.052632
-0.052632
-0.052632
-0.08
-0.076923
-0.333333
-0.071429
-0.083333
-0.111111
-0.043478
-0.083333
-0.052632
-0.333333
-0.111111
-0.142857
-0.066667
-0.047619
-0.066667
-0.071429
-0.083333
-0.045455
-0.0625
-0.1
-0.055556
-0.0625
-0.041667
