Postive_propotion
0.142857
0.041667
0.058824
0.047619
0.1
0.047619
0.071429
0.071429
0.047619
0.1
0.117647
0.045455
0.041667
0.041667
0.047619
0.105263
0.045455
0.066667
0.071429
0.125
0.047619
0.0625
0.052632
0.066667
0.083333
0.130435
0.052632
0.125
0.142857
0.071429
0.2
0.0625
0.052632
0.086957
0.083333
0.05
0.05
0.111111
0.142857
0.058824
0.083333
0.076923
0.142857
0.055556
0.2
0.058824
0.047619
0.066667
0.153846
0.066667
0.047619
0.076923
0.047619
0.076923
0.055556
0.058824
0.090909
0.25
0.055556
0.066667
0.083333
0.142857
0.095238
0.111111
0.1
0.0625
0.105263
0.125
0.083333
0.05
0.1
0.090909
0.037037
0.043478
0.047619
0.038462
0.05
0.045455
0.090909
0.2
0.066667
0.090909
0.055556
0.08
0.058824
0.043478
0.0625
0.045455
0.08
0.090909
0.05
0.076923
0.083333
0.1875
0.115385
0.04
0.041667
0.034483
0.066667
0.0625
0.055556
0.058824
0.043478
0.058824
0.333333
0.047619
0.04
0.058824
0.066667
0.037037
0.08
0.111111
0.095238
0.142857
0.071429
0.083333
0.055556
0.0625
0.136364
0.066667
0.2
0.0625
0.05
0.0625
0.045455
0.038462
0.083333
0.043478
0.045455
0.142857
0.066667
0.04
0.095238
0.090909
0.083333
0.052632
0.125
0.0625
0.047619
0.083333
0.0625
0.076923
0.066667
0.115385
0.117647
0.08
0.045455
0.230769
0.1
0.083333
0.047619
0.076923
0.037037
0.047619
0.055556
0.058824
0.045455
0.055556
0.035714
0.071429
0.05
0.125
0.076923
0.0625
0.2
0.035714
0.04
0.037037
0.25
0.083333
0.043478
0.105263
0.166667
0.066667
0.041667
0.166667
0.125
0.090909
0.083333
0.066667
0.047619
0.076923
0.058824
0.076923
0.043478
0.071429
0.043478
0.142857
0.2
0.047619
0.125
0.058824
0.071429
0.136364
0.090909
0.083333
0.136364
0.066667
0.068966
0.047619
0.05
0.166667
0.066667
0.071429
0.047619
0.043478
0.05
0.045455
0.125
0.047619
0.136364
0.047619
0.166667
0.105263
0.142857
0.125
0.083333
0.111111
0.111111
0.045455
0.066667
0.038462
0.1
0.333333
0.052632
0.125
0.1
0.166667
0.0625
0.111111
0.05
0.052632
0.058824
0.058824
0.058824
0.058824
0.052632
0.052632
0.055556
0.058824
0.090909
0.052632
0.0625
0.083333
0.08
0.142857
0.076923
0.05
0.0625
0.25
0.05
0.043478
0.043478
0.066667
0.166667
0.076923
0.090909
0.043478
0.166667
0.058824
0.083333
0.095238
0.074074
0.136364
0.045455
0.043478
0.038462
0.0625
0.041667
0.2
0.1
0.166667
0.05
0.041667
0.0625
0.052632
0.076923
0.055556
