Pos_Neg_propotion
0.043478
0.058824
0.142857
0.1
0.111111
0.047619
-0.047619
0.055556
0.083333
-0.125
0.071429
-0.071429
0.058824
0.083333
0.083333
0.038462
-0.052632
0.047619
0.111111
0.052632
0.05
0.090909
-0.083333
0.090909
-0.083333
0.043478
0.066667
-0.083333
0.090909
0.090909
0.090909
0.055556
0.111111
0.076923
-0.076923
-0.1
-0.111111
-0.066667
-0.041667
-0.043478
0.083333
0.071429
-0.071429
0.111111
0.333333
0.083333
0.047619
-0.043478
0.055556
0.076923
-0.076923
0.153846
0.066667
0.047619
0.052632
0.043478
-0.043478
0.090909
0.05
0.035714
0.047619
-0.125
0.136364
-0.111111
-0.090909
0.038462
-0.076923
0.047619
0.2
0.037037
-0.05
-0.133333
0.043478
-0.043478
-0.052632
-0.055556
0.136364
0.05
-0.05
0.12
-0.04
-0.166667
0.045455
-0.045455
0.047619
0.05
-0.038462
0.05
0.052632
-0.066667
0.052632
0.055556
-0.111111
0.076923
0.05
0.052632
0.045455
-0.066667
0.166667
0.076923
0.05
0.1
0.058824
-0.058824
0.083333
-0.055556
0.1
0.05
-0.055556
0.043478
-0.043478
0.055556
0.055556
-0.058824
0.076923
0.058824
0.090909
-0.058824
0.1
0.043478
-0.041667
0.041667
0.071429
0.086957
-0.043478
0.111111
0.03125
-0.03125
0.076923
-0.153846
0.045455
-0.058824
0.055556
0.045455
0.055556
-0.055556
0.142857
0.05
0.066667
0.0625
0.052632
-0.076923
0.071429
0.117647
-0.058824
0.0625
0.043478
0.125
0.058824
-0.045455
0.05
-0.05
0.105263
-0.055556
0.045455
0.125
-0.0625
0.090909
-0.055556
0.04
0.1
-0.052632
0.045455
0.047619
0.052632
-0.105263
-0.074074
0.041667
0.166667
0.055556
-0.111111
0.083333
0.0625
-0.090909
0.05
0.125
-0.125
-0.055556
0.115385
0.083333
-0.041667
-0.055556
0.047619
0.076923
0.1
0.047619
-0.095238
0.045455
0.047619
0.125
0.090909
-0.047619
0.047619
-0.047619
0.045455
0.111111
-0.0625
0.047619
0.066667
0.076923
-0.076923
0.095238
0.047619
-0.142857
0.05
0.083333
0.066667
-0.066667
0.066667
-0.066667
0.066667
-0.066667
0.052632
-0.052632
0.055556
-0.055556
0.1
0.058824
0.066667
-0.066667
-0.111111
0.05
0.052632
0.05
-0.153846
-0.25
0.045455
0.117647
-0.058824
0.25
-0.045455
-0.0625
0.105263
-0.052632
0.066667
0.055556
0.041667
0.1
-0.090909
0.071429
0.1
-0.05
-0.05
0.111111
-0.111111
-0.038462
-0.037037
0.157895
0.052632
-0.052632
0.1
-0.1
0.1
-0.1
0.111111
0.052632
0.105263
0.047619
-0.047619
0.111111
-0.111111
0.1
0.05
0.0625
-0.125
-0.083333
-0.038462
-0.043478
0.111111
-0.045455
-0.142857
-0.111111
0.222222
-0.0625
0.086957
-0.043478
0.125
-0.052632
-0.047619
0.058824
0.090909
0.052632
-0.105263
0.045455
-0.066667
0.1
-0.1
0.090909
0.086957
0.055556
0.090909
0.222222
-0.111111
0.052632
0.166667
-0.0625
0.076923
0.083333
0.076923
-0.153846
0.15
0.125
0.153846
-0.052632
0.0625
0.055556
-0.111111
-0.111111
0.210526
0.0625
0.043478
0.076923
0.045455
-0.136364
0.076923
-0.076923
0.071429
-0.037037
0.083333
-0.076923
0.2
-0.142857
0.052632
0.045455
0.25
-0.25
-0.052632
0.166667
0.066667
-0.133333
0.125
-0.166667
-0.333333
0.043478
-0.086957
0.052632
-0.052632
0.125
-0.076923
0.071429
0.117647
-0.045455
0.066667
-0.066667
0.052632
-0.052632
0.071429
-0.166667
0.130435
-0.066667
-0.235294
0.090909
-0.04
0.090909
-0.090909
0.083333
-0.136364
-0.052632
0.166667
0.058824
0.071429
0.25
0.142857
0.055556
0.083333
-0.111111
0.095238
0.058824
-0.058824
0.083333
-0.083333
-0.083333
0.0625
0.083333
0.142857
0.047619
-0.095238
0.090909
0.052632
0.047619
0.041667
0.047619
-0.047619
0.111111
-0.111111
0.086957
0.111111
-0.090909
0.043478
0.083333
0.1
-0.1
-0.2
0.090909
0.0625
-0.045455
0.1
0.111111
0.083333
-0.055556
0.153846
0.166667
0.111111
-0.166667
0.125
0.047619
0.038462
-0.038462
0.055556
-0.15
0.142857
0.052632
-0.052632
0.043478
-0.052632
-0.117647
-0.176471
0.041667
0.055556
0.047619
-0.047619
-0.111111
