Postive_propotion
0.043478
0.058824
0.04
0.05
0.133333
0.066667
0.111111
0.090909
0.043478
0.05
0.066667
0.05
0.076923
0.117647
0.2
0.045455
0.058824
0.166667
0.055556
0.166667
0.142857
0.071429
0.047619
0.052632
0.090909
0.052632
0.05
0.055556
0.055556
0.083333
0.052632
0.1
0.125
0.05
0.05
0.043478
0.076923
0.055556
0.076923
0.0625
0.142857
0.136364
0.1
0.117647
0.055556
0.166667
0.0625
0.076923
0.130435
0.052632
0.111111
0.125
0.1
0.090909
0.125
0.071429
0.041667
0.043478
0.041667
0.05
0.045455
0.105263
0.045455
0.041667
0.05
0.105263
0.083333
0.083333
0.0625
0.0625
0.125
0.066667
0.125
0.041667
0.052632
0.045455
0.052632
0.066667
0.041667
0.083333
0.041667
0.1
0.083333
0.052632
0.052632
0.0625
0.2
0.043478
0.045455
0.045455
0.058824
0.04
0.105263
0.086957
0.066667
0.1
0.052632
0.095238
0.043478
0.05
0.181818
0.076923
0.071429
0.047619
0.2
0.083333
0.045455
0.035714
0.047619
0.055556
0.05
0.0625
0.0625
0.115385
0.047619
0.037037
0.058824
0.136364
0.0625
0.0625
0.047619
0.125
0.090909
0.05
0.166667
0.055556
0.105263
0.037037
0.083333
0.037037
0.125
0.173913
0.083333
0.043478
0.047619
0.111111
0.066667
0.142857
0.055556
0.133333
0.1
0.105263
0.1
0.214286
0.071429
0.047619
0.111111
0.1
0.035714
0.157895
0.117647
0.095238
0.111111
0.111111
0.047619
0.066667
0.05
0.1
0.181818
0.090909
0.058824
0.041667
0.083333
0.043478
0.111111
0.05
0.058824
0.055556
0.035714
0.045455
0.066667
0.066667
0.083333
0.071429
0.1
0.066667
0.04
0.125
0.12
0.1
0.076923
0.095238
0.038462
0.0625
0.111111
0.052632
0.052632
0.090909
0.125
0.05
0.043478
0.076923
0.105263
0.045455
0.083333
0.2
0.153846
0.047619
0.1
0.125
0.083333
0.047619
0.055556
0.058824
0.157895
0.04
0.066667
0.045455
0.076923
0.04
0.181818
0.071429
0.045455
0.05
0.05
0.090909
0.076923
0.285714
0.1
0.052632
0.041667
0.1
0.25
0.043478
0.111111
0.272727
0.157895
0.066667
0.125
0.066667
0.076923
0.142857
0.090909
0.043478
0.038462
0.111111
0.125
0.125
0.1
0.105263
0.090909
0.047619
0.090909
0.090909
0.105263
0.105263
0.142857
0.083333
0.045455
