Pos_Neg_propotion
0.047619
0.052632
0.045455
0.045455
-0.045455
0.05
-0.045455
-0.095238
0.1
-0.083333
0.076923
0.1
-0.055556
0.111111
-0.111111
-0.0625
0.052632
0.055556
-0.055556
0.090909
-0.045455
0.071429
-0.058824
0.055556
-0.111111
0.045455
0.066667
-0.045455
0.090909
0.066667
-0.047619
0.176471
0.125
-0.090909
0.055556
-0.055556
0.125
-0.142857
-0.111111
0.055556
0.0625
0.041667
-0.086957
0.117647
0.045455
0.058824
-0.058824
0.083333
0.05
0.076923
0.04
0.0625
0.105263
0.05
-0.05
0.05
0.047619
-0.05
0.058824
-0.052632
0.076923
0.125
-0.041667
-0.095238
0.076923
0.045455
0.052632
0.1
-0.05
0.043478
-0.086957
-0.043478
0.05
0.083333
-0.071429
-0.076923
0.090909
-0.038462
0.111111
0.166667
0.076923
-0.076923
0.066667
0.071429
0.047619
0.05
0.043478
0.08
0.047619
-0.095238
-0.071429
0.0625
0.045455
-0.117647
-0.071429
0.083333
0.1
-0.1
0.04
0.1
0.071429
-0.071429
0.047619
-0.045455
0.045455
-0.045455
0.055556
0.066667
-0.083333
0.071429
0.055556
0.083333
0.2
-0.052632
-0.066667
0.142857
-0.1
0.153846
0.038462
0.045455
0.117647
0.043478
0.105263
0.125
0.142857
0.090909
-0.045455
0.076923
0.166667
0.058824
0.043478
0.095238
-0.043478
0.045455
0.074074
0.076923
0.125
-0.071429
0.153846
-0.05
-0.052632
-0.045455
0.0625
-0.0625
0.157895
0.0625
-0.1875
0.1
-0.045455
0.111111
-0.111111
0.058824
0.08
0.04
0.038462
0.166667
-0.166667
-0.058824
-0.142857
-0.041667
0.090909
0.125
0.055556
-0.111111
0.136364
0.090909
-0.090909
0.034483
-0.068966
0.066667
-0.066667
0.125
-0.15
0.052632
0.058824
-0.058824
0.045455
-0.045455
0.0625
-0.111111
0.045455
-0.04
0.0625
0.045455
-0.045455
0.111111
0.111111
0.047619
-0.047619
0.083333
0.066667
0.076923
0.083333
0.1
0.047619
-0.047619
0.1
0.05
0.142857
0.043478
-0.043478
-0.055556
-0.125
0.05
0.052632
-0.052632
0.047619
0.043478
-0.052632
-0.055556
0.090909
0.066667
-0.1
0.1
-0.055556
0.0625
0.055556
-0.055556
0.041667
0.25
0.052632
-0.083333
0.083333
-0.041667
-0.125
0.041667
-0.055556
0.076923
-0.052632
0.058824
0.071429
0.058824
-0.058824
0.0625
-0.066667
0.0625
-0.125
0.066667
0.083333
-0.041667
0.066667
0.047619
-0.047619
-0.1
0.041667
-0.041667
0.142857
0.05
-0.05
0.045455
-0.090909
-0.047619
0.090909
0.076923
-0.076923
0.08
-0.083333
0.055556
-0.111111
0.043478
-0.043478
-0.047619
-0.071429
0.142857
-0.08
0.047619
-0.047619
-0.04
0.076923
-0.076923
0.083333
-0.083333
0.055556
0.052632
-0.047619
-0.083333
0.041667
0.1
0.058824
-0.117647
0.125
0.083333
0.066667
-0.066667
0.0625
0.090909
-0.181818
0.043478
0.058824
0.083333
-0.166667
0.25
0.166667
0.117647
-0.058824
-0.142857
-0.4
0.2
-0.041667
0.04
-0.04
-0.086957
0.125
0.041667
-0.041667
0.076923
0.04
-0.04
-0.055556
0.086957
0.0625
0.055556
-0.133333
-0.071429
0.111111
0.052632
-0.052632
0.076923
0.05
-0.15
0.083333
-0.083333
-0.2
-0.083333
0.071429
-0.071429
-0.052632
0.090909
0.125
0.071429
0.142857
-0.071429
-0.066667
0.058824
0.041667
-0.041667
-0.04
0.125
0.083333
0.045455
0.076923
0.142857
0.043478
-0.052632
0.142857
0.052632
0.04
-0.04
-0.047619
0.117647
-0.117647
0.071429
0.041667
0.066667
0.1
-0.1
0.111111
0.047619
0.045455
0.111111
0.133333
-0.076923
-0.041667
0.153846
0.090909
-0.041667
0.1
-0.1
-0.083333
0.111111
0.125
0.086957
-0.043478
0.153846
-0.045455
-0.0625
0.052632
-0.1
0.052632
0.045455
-0.045455
0.125
-0.125
0.090909
0.095238
0.0625
0.047619
-0.047619
