Postive_propotion
0.090909
0.090909
0.058824
0.066667
0.05
0.071429
0.166667
0.055556
0.086957
0.142857
0.076923
0.05
0.090909
0.076923
0.0625
0.133333
0.052632
0.066667
0.058824
0.086957
0.12
0.05
0.125
0.083333
0.095238
0.086957
0.041667
0.04
0.133333
0.086957
0.047619
0.043478
0.05
0.052632
0.052632
0.071429
0.047619
0.086957
0.052632
0.052632
0.4
0.0625
0.095238
0.1
0.125
0.08
0.037037
0.041667
0.2
0.095238
0.058824
0.066667
0.04
0.125
0.043478
0.0625
0.090909
0.111111
0.05
0.052632
0.111111
0.05
0.04
0.142857
0.083333
0.045455
0.111111
0.055556
0.125
0.111111
0.052632
0.047619
0.086957
0.047619
0.038462
0.090909
0.076923
0.045455
0.1
0.083333
0.045455
0.052632
0.055556
0.090909
0.08
0.0625
0.038462
0.058824
0.2
0.052632
0.037037
0.05
0.043478
0.2
0.04
0.038462
0.142857
0.0625
0.125
0.166667
0.125
0.045455
0.043478
0.043478
0.066667
0.035714
0.076923
0.214286
0.090909
0.0625
0.1
0.058824
0.045455
0.041667
0.125
0.1875
0.090909
0.043478
0.105263
0.166667
0.1
0.045455
0.08
0.076923
0.0625
0.043478
0.041667
0.1
0.111111
0.076923
0.117647
0.047619
0.076923
0.076923
0.166667
0.055556
0.1
0.1
0.05
0.05
0.285714
0.166667
0.043478
0.045455
0.076923
0.083333
0.066667
0.045455
0.043478
0.071429
0.083333
0.076923
0.041667
0.1
0.04
0.111111
0.047619
0.1
0.125
0.1
0.0625
0.1
0.090909
0.047619
0.142857
0.05
0.05
0.043478
0.047619
0.076923
0.111111
0.090909
0.125
0.083333
0.086957
0.071429
0.142857
0.090909
0.043478
0.142857
0.055556
0.058824
0.055556
0.071429
0.071429
0.071429
0.071429
0.071429
0.052632
0.04
0.1
0.1
