Postive_propotion
0.05
0.071429
0.05
0.074074
0.037037
0.052632
0.05
0.1
0.0625
0.1
0.083333
0.095238
0.043478
0.076923
0.136364
0.045455
0.125
0.086957
0.041667
0.25
0.083333
0.2
0.058824
0.086957
0.1
0.090909
0.181818
0.125
0.037037
0.125
0.142857
0.05
0.111111
0.076923
0.083333
0.052632
0.043478
0.05
0.043478
0.08
0.052632
0.066667
0.068966
0.052632
0.05
0.074074
0.1
0.047619
0.166667
0.052632
0.045455
0.05
0.071429
0.111111
0.133333
0.043478
0.111111
0.043478
0.105263
0.047619
0.153846
0.052632
0.25
0.142857
0.090909
0.047619
0.0625
0.105263
0.041667
0.083333
0.0625
0.136364
0.041667
0.071429
0.117647
0.111111
0.090909
0.041667
0.04
0.083333
0.043478
0.037037
0.125
0.076923
0.052632
0.058824
0.111111
0.041667
0.1
0.05
0.047619
0.071429
0.041667
0.076923
0.037037
0.047619
0.05
0.05
0.047619
0.074074
0.055556
0.076923
0.166667
0.083333
0.045455
0.076923
0.086957
0.076923
0.052632
0.055556
0.166667
0.05
0.047619
0.0625
0.071429
0.083333
0.086957
0.0625
0.045455
0.043478
0.111111
0.076923
0.058824
0.083333
0.25
0.142857
0.105263
0.0625
0.133333
0.076923
0.090909
0.105263
0.095238
0.125
0.066667
0.105263
0.0625
0.04
0.05
0.142857
0.2
0.045455
0.0625
0.04
0.045455
0.052632
0.142857
0.058824
0.1
0.055556
0.142857
0.052632
0.083333
0.125
0.047619
0.090909
0.041667
0.04
0.076923
0.166667
0.055556
0.0625
0.058824
0.058824
0.076923
0.0625
0.111111
0.05
0.192308
0.25
0.142857
0.041667
0.095238
0.083333
0.043478
0.125
0.076923
0.111111
0.04
0.0625
0.043478
0.1
0.035714
0.166667
0.071429
0.047619
0.05
0.045455
0.1
0.125
0.111111
0.083333
0.058824
0.0625
0.04
0.047619
0.076923
0.142857
0.043478
0.076923
0.25
0.05
0.047619
0.052632
0.055556
0.083333
0.0625
0.086957
0.25
0.052632
0.047619
0.090909
0.052632
0.111111
0.111111
0.083333
0.166667
0.071429
0.214286
