Postive_propotion
0.083333
0.043478
0.037037
0.041667
0.058824
0.037037
0.1
0.05
0.045455
0.125
0.142857
0.095238
0.055556
0.125
0.038462
0.052632
0.071429
0.25
0.105263
0.041667
0.083333
0.111111
0.0625
0.058824
0.043478
0.058824
0.090909
0.055556
0.055556
0.142857
0.157895
0.095238
0.133333
0.166667
0.086957
0.047619
0.1875
0.125
0.05
0.05
0.05
0.055556
0.083333
0.083333
0.1
0.090909
0.071429
0.125
0.043478
0.083333
0.083333
0.076923
0.066667
0.052632
0.045455
0.047619
0.0625
0.111111
0.041667
0.25
0.117647
0.1
0.043478
0.117647
0.157895
0.2
0.045455
0.090909
0.0625
0.055556
0.043478
0.076923
0.043478
0.166667
0.111111
0.095238
0.136364
0.1
0.041667
0.090909
0.043478
0.055556
0.041667
0.047619
0.04
0.076923
0.083333
0.047619
0.05
0.111111
0.125
0.055556
0.095238
0.04
0.08
0.047619
0.1
0.066667
0.117647
0.166667
0.238095
0.058824
0.045455
0.066667
0.058824
0.0625
0.076923
0.130435
0.090909
0.111111
0.1
0.043478
0.058824
0.142857
0.1
0.035714
0.166667
0.1
0.052632
0.043478
0.095238
0.083333
0.047619
0.047619
0.055556
0.066667
0.1
0.043478
0.125
0.090909
0.04
0.071429
0.05
0.041667
0.076923
0.133333
0.076923
0.058824
0.090909
0.037037
0.047619
0.333333
0.076923
0.1
0.045455
0.066667
0.095238
0.066667
0.115385
0.047619
0.111111
0.071429
0.052632
0.058824
0.043478
0.095238
0.058824
0.142857
0.2
0.0625
0.1
0.095238
0.066667
0.0625
0.133333
0.071429
0.083333
0.090909
0.058824
0.047619
0.037037
0.090909
0.04
0.25
0.111111
0.111111
0.125
0.285714
0.125
0.333333
0.142857
0.045455
0.041667
0.058824
0.125
0.1
0.086957
0.043478
0.090909
0.0625
0.153846
0.2
0.05
0.083333
0.1
0.066667
0.3
0.045455
0.08
0.055556
0.071429
0.095238
0.090909
0.047619
0.0625
0.090909
0.071429
0.071429
0.045455
0.086957
0.038462
0.125
0.052632
0.111111
0.05
0.076923
0.052632
0.136364
0.055556
0.095238
0.0625
0.090909
0.142857
0.043478
0.181818
0.045455
0.117647
0.095238
0.052632
0.052632
0.071429
0.125
0.058824
0.125
0.0625
0.1
0.076923
0.043478
0.142857
0.066667
0.05
0.105263
0.142857
0.090909
0.0625
0.05
0.058824
0.090909
0.076923
0.333333
0.142857
0.111111
0.090909
0.0625
0.090909
0.038462
0.045455
0.090909
0.125
0.05
0.05
0.142857
0.045455
0.083333
0.2
0.055556
0.086957
0.04
0.076923
0.095238
0.071429
0.125
0.166667
0.117647
0.1
0.136364
0.05
0.111111
