Postive_propotion
0.043478
0.083333
0.043478
0.230769
0.052632
0.058824
0.15
0.090909
0.052632
0.045455
0.055556
0.0625
0.142857
0.047619
0.125
0.043478
0.043478
0.05
0.058824
0.066667
0.083333
0.111111
0.2
0.2
0.083333
0.076923
0.045455
0.2
0.076923
0.071429
0.045455
0.181818
0.090909
0.133333
0.0625
0.083333
0.166667
0.111111
0.074074
0.055556
0.04
0.090909
0.041667
0.142857
0.2
0.2
0.043478
0.083333
0.047619
0.045455
0.045455
0.04
0.083333
0.041667
0.066667
0.045455
0.058824
0.058824
0.045455
0.076923
0.047619
0.052632
0.166667
0.047619
0.105263
0.043478
0.058824
0.066667
0.0625
0.058824
0.086957
0.153846
0.055556
0.041667
0.041667
0.047619
0.1
0.125
0.05
0.2
0.05
0.0625
0.052632
0.045455
0.055556
0.052632
0.142857
0.095238
0.136364
0.047619
0.052632
0.111111
0.125
0.04
0.1
0.086957
0.047619
0.125
0.05
0.045455
0.083333
0.166667
0.285714
0.076923
0.090909
0.142857
0.034483
0.043478
0.090909
0.2
0.1
0.038462
0.038462
0.041667
0.142857
0.076923
0.086957
0.071429
0.111111
0.043478
0.066667
0.181818
0.181818
0.130435
0.055556
0.043478
0.0625
0.142857
0.041667
0.052632
0.1
0.0625
0.047619
0.142857
0.071429
0.047619
0.125
0.076923
0.111111
0.045455
0.047619
0.045455
0.136364
0.166667
0.043478
0.153846
0.130435
0.15
0.083333
0.076923
0.090909
0.066667
0.142857
0.066667
0.058824
0.1
0.090909
0.111111
0.083333
0.066667
0.066667
0.136364
0.08
0.125
0.066667
0.05
0.037037
0.142857
0.181818
0.0625
0.090909
0.166667
0.111111
