Postive_propotion
0.04
0.105263
0.090909
0.058824
0.105263
0.066667
0.041667
0.090909
0.125
0.111111
0.066667
0.0625
0.047619
0.2
0.235294
0.086957
0.083333
0.125
0.043478
0.1
0.05
0.05
0.043478
0.125
0.1
0.090909
0.043478
0.047619
0.090909
0.043478
0.0625
0.047619
0.05
0.047619
0.130435
0.043478
0.055556
0.142857
0.068966
0.052632
0.111111
0.066667
0.043478
0.047619
0.043478
0.035714
0.058824
0.05
0.076923
0.2
0.133333
0.142857
0.05
0.066667
0.142857
0.166667
0.045455
0.052632
0.166667
0.055556
0.055556
0.043478
0.045455
0.045455
0.052632
0.038462
0.055556
0.052632
0.076923
0.041667
0.05
0.074074
0.272727
0.083333
0.066667
0.055556
0.066667
0.047619
0.05
0.142857
0.045455
0.052632
0.037037
0.0625
0.071429
0.05
0.041667
0.058824
0.25
0.0625
0.142857
0.090909
0.045455
0.052632
0.133333
0.05
0.037037
0.058824
0.068966
0.166667
0.066667
0.05
0.1
0.035714
0.125
0.142857
0.090909
0.047619
0.043478
0.066667
0.166667
0.045455
0.083333
0.0625
0.086957
0.055556
0.086957
0.05
0.05
0.043478
0.125
0.125
0.090909
0.076923
0.05
0.045455
0.25
0.076923
0.035714
0.105263
0.285714
0.111111
0.076923
0.058824
0.111111
0.2
0.043478
0.055556
0.111111
0.041667
0.125
0.066667
0.277778
0.043478
0.08
0.0625
0.05
0.055556
0.222222
0.05
0.166667
0.090909
0.045455
0.055556
0.333333
0.142857
0.1
0.1
0.083333
0.047619
0.133333
0.111111
0.066667
0.045455
0.142857
0.105263
0.071429
0.041667
0.043478
0.111111
0.086957
0.076923
0.090909
0.038462
