Postive_propotion
0.086957
0.076923
0.05
0.095238
0.041667
0.125
0.045455
0.166667
0.05
0.045455
0.066667
0.071429
0.076923
0.111111
0.043478
0.071429
0.038462
0.166667
0.083333
0.111111
0.052632
0.052632
0.181818
0.04
0.130435
0.166667
0.111111
0.25
0.142857
0.083333
0.071429
0.076923
0.041667
0.133333
0.074074
0.090909
0.086957
0.083333
0.045455
0.05
0.090909
0.0625
0.05
0.125
0.125
0.086957
0.041667
0.090909
0.041667
0.043478
0.05
0.0625
0.045455
0.111111
0.071429
0.074074
0.055556
0.142857
0.111111
0.043478
0.125
0.047619
0.041667
0.071429
0.125
0.035714
0.043478
0.047619
0.037037
0.095238
0.041667
0.041667
0.047619
0.08
0.076923
0.071429
0.1
0.1
0.166667
0.047619
0.117647
0.041667
0.04
0.037037
0.05
0.083333
0.25
0.142857
0.125
0.066667
0.133333
0.111111
0.117647
0.166667
0.045455
0.083333
0.083333
0.055556
0.045455
0.090909
0.066667
0.047619
0.041667
0.105263
0.086957
0.125
0.05
0.041667
0.058824
0.0625
0.047619
0.105263
0.045455
0.095238
0.166667
0.076923
0.052632
0.05
0.058824
0.071429
0.047619
0.222222
0.181818
0.045455
0.142857
0.090909
0.076923
0.071429
0.058824
0.142857
0.142857
0.125
0.076923
0.083333
0.105263
0.052632
0.047619
0.045455
0.2
0.045455
0.055556
0.2
0.166667
0.055556
0.058824
0.1
0.047619
0.111111
0.1
0.047619
0.076923
0.1
0.095238
0.058824
0.111111
0.166667
0.05
0.055556
0.076923
0.2
0.0625
0.133333
0.05
0.066667
0.066667
0.105263
0.1
0.083333
0.041667
0.090909
0.043478
0.190476
0.2
0.083333
0.111111
0.0625
0.142857
0.058824
0.04
0.111111
0.055556
0.2
0.083333
0.1
0.055556
0.130435
0.142857
0.166667
0.1
0.090909
0.1
0.111111
0.052632
0.166667
0.0625
0.25
0.066667
0.058824
0.05
0.0625
0.166667
0.04
0.125
0.066667
0.0625
0.083333
0.032258
0.034483
0.058824
0.047619
0.047619
0.142857
0.043478
0.142857
0.071429
0.055556
0.0625
0.076923
0.045455
0.142857
0.066667
0.04
0.043478
0.055556
0.142857
0.111111
0.058824
0.058824
0.052632
0.166667
0.05
0.045455
0.0625
0.041667
0.041667
0.034483
0.071429
0.043478
0.058824
0.1
0.045455
0.055556
0.090909
0.1
0.0625
0.142857
0.166667
0.045455
0.0625
0.0625
