Negative_propotion
-0.25
-0.090909
-0.034483
-0.142857
-0.086957
-0.142857
-0.055556
-0.111111
-0.125
-0.142857
-0.058824
-0.095238
-0.041667
-0.043478
-0.1
-0.0625
-0.055556
-0.052632
-0.0625
-0.043478
-0.117647
-0.047619
-0.043478
-0.043478
-0.055556
-0.111111
-0.2
-0.043478
-0.111111
-0.047619
-0.0625
-0.055556
-0.043478
-0.083333
-0.071429
-0.043478
-0.076923
-0.052632
-0.142857
-0.058824
-0.1
-0.117647
-0.045455
-0.083333
-0.25
-0.130435
-0.095238
-0.142857
-0.181818
-0.166667
-0.076923
-0.041667
-0.047619
-0.125
-0.05
-0.111111
-0.066667
-0.090909
-0.038462
-0.214286
-0.045455
-0.185185
-0.0625
-0.142857
-0.076923
-0.125
-0.055556
-0.1
-0.076923
-0.052632
-0.086957
-0.047619
-0.047619
-0.090909
-0.1
-0.153846
-0.05
-0.090909
-0.076923
-0.115385
-0.038462
-0.05
-0.05
-0.047619
-0.052632
-0.095238
-0.066667
-0.0625
-0.133333
-0.066667
-0.071429
-0.1
-0.066667
-0.041667
-0.083333
-0.05
-0.111111
-0.041667
-0.045455
-0.045455
-0.037037
-0.1
-0.043478
-0.076923
-0.047619
-0.1
-0.045455
-0.041667
-0.133333
-0.045455
-0.055556
-0.076923
-0.047619
-0.0625
-0.071429
-0.090909
-0.1
-0.115385
-0.125
-0.071429
-0.083333
-0.083333
-0.037037
-0.071429
-0.058824
-0.142857
-0.043478
-0.052632
-0.052632
-0.08
-0.05
-0.25
-0.076923
-0.047619
-0.0625
-0.045455
-0.038462
-0.153846
-0.045455
-0.142857
-0.041667
-0.05
-0.166667
-0.045455
-0.047619
-0.071429
-0.05
-0.166667
