0.000000,0.050000 66.000000
0.050000,0.100000 63.000000
0.100000,0.150000 66.000000
0.150000,0.200000 79.000000
0.200000,0.250000 68.000000
0.250000,0.300000 51.000000
0.300000,0.350000 69.000000
0.350000,0.400000 50.000000
0.400000,0.450000 67.000000
0.450000,0.500000 67.000000
0.500000,0.550000 60.000000
0.550000,0.600000 60.000000
0.600000,0.650000 57.000000
0.650000,0.700000 59.000000
0.700000,0.750000 41.000000
0.750000,0.800000 66.000000
0.800000,0.850000 54.000000
0.850000,0.900000 63.000000
0.900000,0.950000 48.000000
0.950000,1.000000 63.000000
1.000000,1.050000 71.000000
1.050000,1.100000 55.000000
1.100000,1.150000 60.000000
1.150000,1.200000 53.000000
1.200000,1.250000 43.000000
1.250000,1.300000 49.000000
1.300000,1.350000 44.000000
1.350000,1.400000 46.000000
1.400000,1.450000 53.000000
1.450000,1.500000 48.000000
1.500000,1.550000 54.000000
1.550000,1.600000 34.000000
1.600000,1.650000 51.000000
1.650000,1.700000 49.000000
1.700000,1.750000 47.000000
1.750000,1.800000 36.000000
1.800000,1.850000 38.000000
1.850000,1.900000 39.000000
1.900000,1.950000 45.000000
1.950000,2.000000 32.000000
2.000000,2.050000 42.000000
2.050000,2.100000 27.000000
2.100000,2.150000 32.000000
2.150000,2.200000 43.000000
2.200000,2.250000 35.000000
2.250000,2.300000 46.000000
2.300000,2.350000 41.000000
2.350000,2.400000 38.000000
2.400000,2.450000 25.000000
2.450000,2.500000 30.000000
2.500000,2.550000 47.000000
2.550000,2.600000 44.000000
2.600000,2.650000 55.000000
2.650000,2.700000 34.000000
2.700000,2.750000 52.000000
2.750000,2.800000 51.000000
2.800000,2.850000 51.000000
2.850000,2.900000 59.000000
2.900000,2.950000 50.000000
2.950000,3.000000 79.000000
3.000000,3.050000 58.000000
3.050000,3.100000 65.000000
3.100000,3.150000 63.000000
3.150000,3.200000 78.000000
3.200000,3.250000 87.000000
3.250000,3.300000 104.000000
3.300000,3.350000 90.000000
3.350000,3.400000 102.000000
3.400000,3.450000 100.000000
3.450000,3.500000 105.000000
3.500000,3.550000 117.000000
3.550000,3.600000 119.000000
3.600000,3.650000 118.000000
3.650000,3.700000 129.000000
3.700000,3.750000 131.000000
3.750000,3.800000 132.000000
3.800000,3.850000 121.000000
3.850000,3.900000 161.000000
3.900000,3.950000 145.000000
3.950000,4.000000 134.000000
4.000000,4.050000 132.000000
4.050000,4.100000 142.000000
4.100000,4.150000 165.000000
4.150000,4.200000 171.000000
4.200000,4.250000 149.000000
4.250000,4.300000 156.000000
4.300000,4.350000 135.000000
4.350000,4.400000 160.000000
4.400000,4.450000 154.000000
4.450000,4.500000 155.000000
4.500000,4.550000 170.000000
4.550000,4.600000 133.000000
4.600000,4.650000 123.000000
4.650000,4.700000 125.000000
4.700000,4.750000 121.000000
4.750000,4.800000 130.000000
4.800000,4.850000 122.000000
4.850000,4.900000 131.000000
4.900000,4.950000 116.000000
4.950000,5.000000 96.000000
5.000000,5.050000 116.000000
5.050000,5.100000 97.000000
5.100000,5.150000 110.000000
5.150000,5.200000 84.000000
5.200000,5.250000 98.000000
5.250000,5.300000 83.000000
5.300000,5.350000 85.000000
5.350000,5.400000 93.000000
5.400000,5.450000 68.000000
5.450000,5.500000 60.000000
5.500000,5.550000 65.000000
5.550000,5.600000 63.000000
5.600000,5.650000 48.000000
5.650000,5.700000 50.000000
5.700000,5.750000 46.000000
5.750000,5.800000 51.000000
5.800000,5.850000 34.000000
5.850000,5.900000 30.000000
5.900000,5.950000 49.000000
5.950000,6.000000 36.000000
6.000000,6.050000 33.000000
6.050000,6.100000 21.000000
6.100000,6.150000 30.000000
6.150000,6.200000 22.000000
6.200000,6.250000 18.000000
6.250000,6.300000 10.000000
6.300000,6.350000 13.000000
6.350000,6.400000 16.000000
6.400000,6.450000 14.000000
6.450000,6.500000 14.000000
6.500000,6.550000 9.000000
6.550000,6.600000 11.000000
6.600000,6.650000 12.000000
6.650000,6.700000 9.000000
6.700000,6.750000 12.000000
6.750000,6.800000 19.000000
6.800000,6.850000 10.000000
6.850000,6.900000 6.000000
6.900000,6.950000 9.000000
6.950000,7.000000 15.000000
7.000000,7.050000 7.000000
7.050000,7.100000 12.000000
7.100000,7.150000 8.000000
7.150000,7.200000 9.000000
7.200000,7.250000 3.000000
7.250000,7.300000 8.000000
7.300000,7.350000 9.000000
7.350000,7.400000 16.000000
7.400000,7.450000 6.000000
7.450000,7.500000 5.000000
7.500000,7.550000 12.000000
7.550000,7.600000 8.000000
7.600000,7.650000 9.000000
7.650000,7.700000 7.000000
7.700000,7.750000 9.000000
7.750000,7.800000 12.000000
7.800000,7.850000 8.000000
7.850000,7.900000 7.000000
7.900000,7.950000 11.000000
7.950000,8.000000 9.000000
8.000000,8.050000 10.000000
8.050000,8.100000 5.000000
8.100000,8.150000 9.000000
8.150000,8.200000 9.000000
8.200000,8.250000 3.000000
8.250000,8.300000 7.000000
8.300000,8.350000 12.000000
8.350000,8.400000 10.000000
8.400000,8.450000 6.000000
8.450000,8.500000 4.000000
8.500000,8.550000 7.000000
8.550000,8.600000 5.000000
8.600000,8.650000 8.000000
8.650000,8.700000 4.000000
8.700000,8.750000 6.000000
8.750000,8.800000 3.000000
8.800000,8.850000 3.000000
8.850000,8.900000 9.000000
8.900000,8.950000 7.000000
8.950000,9.000000 2.000000
9.000000,9.050000 4.000000
9.050000,9.100000 3.000000
9.100000,9.150000 1.000000
9.150000,9.200000 2.000000
9.200000,9.250000 1.000000
9.250000,9.300000 2.000000
9.300000,9.350000 0.000000
9.350000,9.400000 0.000000
9.400000,9.450000 0.000000
9.450000,9.500000 2.000000
9.500000,9.550000 0.000000
9.550000,9.600000 0.000000
9.600000,9.650000 3.000000
9.650000,9.700000 2.000000
9.700000,9.750000 1.000000
9.750000,9.800000 4.000000
9.800000,9.850000 2.000000
9.850000,9.900000 0.000000
9.900000,9.950000 3.000000
9.950000,10.000000 7.000000
