1 66
2 63
3 66
4 79
5 68
6 51
7 69
8 50
9 67
10 67
11 60
12 60
13 57
14 59
15 41
16 66
17 54
18 63
19 48
20 63
21 71
22 55
23 60
24 53
25 43
26 49
27 44
28 46
29 53
30 48
31 54
32 34
33 51
34 49
35 47
36 36
37 38
38 39
39 45
40 32
41 42
42 27
43 32
44 43
45 35
46 46
47 41
48 38
49 25
50 30
51 47
52 44
53 55
54 34
55 52
56 51
57 51
58 59
59 50
60 79
61 58
62 65
63 63
64 78
65 87
66 104
67 90
68 102
69 100
70 105
71 117
72 119
73 118
74 129
75 131
76 132
77 121
78 161
79 145
80 134
81 132
82 142
83 165
84 171
85 149
86 156
87 135
88 160
89 154
90 155
91 170
92 133
93 123
94 125
95 121
96 130
97 122
98 131
99 116
100 96
101 116
102 97
103 110
104 84
105 98
106 83
107 85
108 93
109 68
110 60
111 65
112 63
113 48
114 50
115 46
116 51
117 34
118 30
119 49
120 36
121 33
122 21
123 30
124 22
125 18
126 10
127 13
128 16
129 14
130 14
131 9
132 11
133 12
134 9
135 12
136 19
137 10
138 6
139 9
140 15
141 7
142 12
143 8
144 9
145 3
146 8
147 9
148 16
149 6
150 5
151 12
152 8
153 9
154 7
155 9
156 12
157 8
158 7
159 11
160 9
161 10
162 5
163 9
164 9
165 3
166 7
167 12
168 10
169 6
170 4
171 7
172 5
173 8
174 4
175 6
176 3
177 3
178 9
179 7
180 2
181 4
182 3
183 1
184 2
185 1
186 2
187 0
188 0
189 0
190 2
191 0
192 0
193 3
194 2
195 1
196 4
197 2
198 0
199 3
200 7
