V1 V2 V3
7 0 0
17 1 0
19 0 0
23 3 0
8 1 0
14 1 0
11 0 0
4 0 0
14 0 0
18 0 0
24 0 0
14 0 0
13 0 0
18 0 0
15 1 0
9 1 0
13 0 1
17 3 0
21 2 0
12 1 0
12 0 0
23 0 0
9 1 0
22 0 0
16 0 0
18 0 1
5 0 0
24 0 1
20 0 0
20 0 0
10 0 1
15 2 1
15 1 0
9 0 0
6 0 0
5 0 0
21 0 0
13 0 0
12 0 1
19 0 0
17 1 0
20 0 0
6 0 0
20 1 0
11 0 0
14 0 1
5 0 0
18 0 0
15 2 0
10 0 0
15 0 0
17 2 0
16 0 0
17 0 0
12 1 0
13 1 0
21 0 0
22 1 1
13 0 0
20 0 0
5 0 0
17 1 0
21 1 1
21 2 0
15 1 0
5 0 1
21 1 0
25 0 1
18 1 0
18 1 0
9 0 0
15 0 0
26 0 0
5 0 1
10 2 0
26 0 0
17 0 1
8 0 0
11 0 0
12 0 0
16 1 0
21 0 0
14 0 0
14 0 0
21 0 0
9 0 0
9 0 0
20 1 0
11 0 0
28 1 2
17 0 1
17 1 0
21 1 0
19 0 0
3 0 0
21 0 0
21 0 0
18 0 0
15 0 0
18 0 0
20 0 1
14 0 0
17 1 0
23 0 0
10 0 0
9 0 0
16 0 0
17 0 0
14 0 0
21 0 0
12 0 0
20 0 0
13 0 0
9 0 0
25 1 0
24 0 0
18 3 0
11 0 0
17 0 0
21 1 0
21 1 0
8 0 0
11 0 0
9 0 0
9 0 0
22 1 0
23 1 0
17 1 0
8 0 0
11 1 0
18 0 0
8 0 0
11 0 0
5 0 0
22 1 0
6 1 0
8 0 0
11 2 0
20 0 1
22 0 1
21 0 0
17 0 0
21 0 1
12 0 0
19 0 0
11 0 0
14 0 0
11 0 0
10 0 0
15 1 0
14 2 0
9 0 0
10 1 2
19 0 0
19 1 0
20 0 0
9 0 0
17 0 0
18 0 0
14 0 0
3 0 0
23 1 0
13 0 2
17 1 0
9 0 0
15 0 0
15 1 0
19 0 1
11 0 0
20 0 0
18 2 0
25 0 0
12 0 0
15 2 0
18 1 0
11 0 0
14 0 0
15 1 2
14 0 0
19 0 0
16 0 2
7 0 0
7 0 0
17 1 0
14 0 0
20 1 0
20 3 0
19 0 0
19 1 0
16 2 0
24 1 0
9 0 0
17 0 1
13 0 0
13 1 0
15 0 0
16 0 0
15 0 0
13 1 0
15 0 0
14 0 0
13 0 0
10 0 0
21 1 1
13 1 0
18 0 1
6 0 0
19 0 0
21 0 0
15 0 0
18 1 0
23 1 0
17 0 0
20 1 0
9 0 0
21 1 0
9 0 0
21 0 0
19 0 0
23 1 0
20 2 1
17 0 0
14 0 0
22 0 1
7 0 1
23 0 0
15 2 0
13 0 0
19 0 1
26 1 0
24 3 0
9 0 0
23 0 1
13 1 0
13 1 0
14 0 0
24 2 0
21 0 0
21 1 1
19 1 0
19 1 0
15 0 0
19 1 0
10 0 0
23 1 0
19 1 0
18 1 0
18 1 0
9 0 0
28 2 1
19 0 0
18 0 1
24 0 0
6 0 0
20 2 0
6 0 0
8 0 0
17 0 0
13 1 0
13 0 0
7 0 0
20 0 1
10 0 0
15 2 0
20 3 0
20 0 1
13 1 0
12 0 0
7 1 0
6 0 0
15 0 0
17 1 0
18 0 0
25 0 0
11 2 0
25 0 0
18 0 0
16 1 0
13 0 0
9 0 0
21 2 0
18 1 1
9 0 0
23 0 0
20 0 1
27 1 1
16 1 0
6 1 0
16 2 1
19 1 0
8 0 0
18 2 0
16 0 0
13 1 1
9 0 0
13 0 0
5 0 0
13 1 0
29 0 0
21 2 0
10 0 1
20 1 0
13 0 1
9 0 0
19 0 0
12 1 0
11 0 1
19 1 0
21 2 0
5 0 0
11 0 0
11 0 0
11 0 0
12 0 0
11 0 0
11 0 0
17 1 0
17 0 1
4 0 0
15 0 0
3 0 0
3 1 0
17 0 0
9 0 0
8 0 0
8 1 0
24 4 0
30 0 0
22 0 0
18 0 0
19 0 0
15 4 0
17 0 0
24 0 0
23 0 1
20 2 0
15 0 0
26 1 0
13 0 0
16 0 0
8 0 0
10 0 0
15 1 0
6 1 1
26 1 0
8 0 1
23 1 1
11 0 0
5 0 0
9 1 0
16 1 0
9 0 1
10 1 0
24 0 0
18 0 0
3 0 0
11 0 0
5 0 1
5 0 0
6 0 0
5 0 0
7 0 0
20 2 0
22 0 0
16 0 1
20 1 0
9 0 0
15 1 0
16 2 0
18 1 0
13 1 0
16 0 2
19 1 0
16 1 1
10 0 0
6 0 0
7 0 0
26 5 0
23 1 0
4 0 0
14 1 1
3 0 1
6 0 0
14 0 0
9 0 2
2 0 1
13 1 0
16 1 0
8 1 0
16 1 0
15 0 0
16 1 0
23 0 0
14 0 0
14 0 0
13 0 0
5 0 0
15 1 1
26 1 0
9 0 0
2 1 0
9 1 0
15 0 0
3 0 0
5 0 0
23 1 1
13 0 0
13 0 0
18 0 0
15 1 0
11 0 1
24 0 0
25 0 1
16 0 0
4 0 1
16 2 0
22 0 1
16 0 0
11 0 1
21 1 0
14 0 0
14 0 0
6 0 0
12 2 0
19 1 1
21 0 0
11 0 0
8 0 1
26 1 2
19 0 0
4 0 0
17 0 0
26 1 0
15 0 0
5 0 0
23 3 0
18 0 0
15 0 0
7 0 0
18 1 0
10 0 0
17 1 2
12 0 0
16 3 0
16 0 0
13 0 0
13 0 0
16 0 0
14 0 1
16 1 0
13 0 0
13 0 0
25 0 1
13 0 0
23 0 2
25 1 0
18 1 0
12 1 1
11 0 0
17 2 1
24 0 0
19 1 1
11 0 0
19 1 1
11 1 1
19 0 0
5 0 0
9 0 0
20 0 0
17 0 0
9 0 0
10 1 1
6 0 0
10 0 0
20 0 0
23 2 1
15 1 0
23 0 1
22 0 0
22 0 0
3 0 0
11 0 0
12 0 0
17 3 0
18 0 0
22 2 0
9 0 0
13 0 0
13 0 0
18 4 0
12 2 0
5 0 1
16 2 1
20 0 0
3 0 0
7 0 0
16 0 0
13 1 0
13 1 0
14 0 0
26 2 0
16 1 0
10 0 0
10 0 0
12 0 1
15 0 0
23 0 0
17 2 1
18 0 0
8 0 0
10 1 0
19 2 0
22 0 0
22 1 0
9 1 0
25 0 1
18 1 0
9 1 0
6 0 0
18 0 0
19 1 2
15 2 0
18 1 1
21 0 0
15 1 0
13 0 0
16 0 0
26 0 0
27 2 0
5 0 0
25 1 1
22 0 0
14 1 0
19 0 0
26 0 1
10 1 0
9 1 0
24 4 0
21 1 0
10 0 0
15 0 1
11 0 0
16 0 1
27 1 2
16 0 1
11 0 0
8 0 0
10 1 1
12 0 0
13 0 0
20 0 0
14 1 1
12 1 0
10 0 0
9 0 1
15 0 0
24 1 1
14 1 0
16 1 0
15 0 1
15 4 0
17 0 0
5 0 0
6 0 0
18 1 1
26 1 0
15 1 0
16 1 0
12 0 0
24 2 0
23 1 0
22 0 1
10 0 0
13 0 1
7 0 0
14 0 0
17 0 0
15 0 0
10 1 1
21 1 0
13 0 0
10 0 1
4 0 0
7 1 0
16 0 1
19 0 1
19 0 0
14 0 0
12 1 0
13 1 0
13 1 0
19 0 1
29 1 0
21 2 0
18 0 1
23 0 0
19 0 0
16 0 0
20 0 0
13 0 0
16 0 1
14 4 0
18 0 1
7 0 0
21 1 1
19 2 0
3 0 0
15 0 0
20 1 0
19 2 0
19 0 0
6 0 0
18 1 0
27 1 0
18 0 0
20 0 0
7 0 0
17 0 0
9 0 0
20 0 1
25 0 0
22 0 0
22 0 0
16 1 0
20 0 0
19 1 1
17 1 0
6 0 0
18 0 0
20 0 0
12 0 1
16 0 0
15 0 0
19 0 0
9 0 0
10 0 0
17 0 1
19 1 1
23 1 0
16 0 0
4 1 0
6 2 0
13 0 0
18 1 1
14 0 0
13 1 0
19 1 0
13 1 0
